205990726
321130917
817495254
874936225
2912955831
4954425001
5327548485
6175478593
8283723763
10890533039
11650901019
14272211525
14729379354
15515001144
15576204972
16559685866
17627940347
17701876162
18452721825
21700400147
23004413991
23285624615
26426013490
26843802822
26887226334
29445559661
30551399417
30613230475
35386733565
37411315587
39608536308
205990726
321130917
817495254
874936225
2912955831
4954425001
5327548485
6175478593
8283723763
10890533039
11650901019
14272211525
14729379354
15515001144
15576204972
16559685866
17627940347
17701876162
18452721825
21700400147
23004413991
23285624615
26426013490
26843802822
26887226334
29445559661
30555108254
30613230475
35386733565
37411315587
39613150976
205990726
321130917
817495254
874936225
2912955831
4954425001
5327548485
6175478593
8283723763
10890533039
11650901019
14272211525
14729379354
15515001144
15576204972
16559685866
17627940347
17701876162
18452721825
21700400147
23004413991
23285624615
26426013490
26843802822
26887226334
29445559661
30555108254
30613230475
35386733565
37411315587
39613150976
205990726
321130917
817495254
874936225
2912955831
4954425001
5327548485
6175478593
8283723763
10890533039
11650901019
14272211525
14729379354
15515001144
15576204972
16559685866
17627940347
17701876162
18452721825
21700400147
23004413991
23285624615
26426013490
26843802822
26887226334
29445559661
30555108254
30613230475
35386733565
37411315587
39613150976
205990726
321130917
817495254
874936225
2912955831
4954425001
5327548485
6175478593
8283723763
10890533039
11650901019
14272211525
14729379354
15515001144
15576204972
16559685866
17627940347
17701876162
18452721825
21700400147
23004413991
23285624615
26426013490
26843802822
26887226334
29445559661
30555108254
30613230475
35386733565
37411315587
39613150976
205990726
321130917
817495254
874936225
2912955831
4954425001
5327548485
6175478593
8283723763
10890533039
11650901019
14272211525
14729379354
15515001144
15576204972
16559685866
17627940347
17701876162
18452721825
21700400147
23004413991
23285624615
26426013490
26843802822
26887226334
29445559661
30555108254
30613230475
35386733565
37411315587
39613150976
205990726
321130917
817495254
874936225
2912955831
4954425001
5327548485
6175728593
8283723763
10890533039
11650901019
14272211525
14729379354
15524553498
15576204972
16559685866
17641690347
17701876162
18452721825
21701920147
23004413991
23285624615
26419013490
26843802822
26887226334
29445559661
30555108254
30613230475
35386983565
37411315587
38170066203
205990726
321130917
817495254
874936225
2912955831
4954425001
5327548485
6175728593
8283723763
10890533039
11650901019
14272211525
14729379354
15526931388
15576204972
16559685866
17641690347
17701876162
18452721825
21701920147
23004413991
23285624615
26419013490
26843802822
26887226334
29445559661
30555108254
30613230475
35386983565
37411315587
38170066203
205990726
321130917
817495254
874936225
2912955831
4954425001
5327548485
6175728593
8283723763
10890533039
11650901019
14272211525
14729379354
15526931388
15576204972
16559685866
17641690347
17701876162
18452721825
21701920147
23004413991
23285624615
26419013490
26843802822
26887226334
29445559661
30555108254
30613230475
35386983565
37411315587
38170066203
205990726
321130917
817495254
874936225
2912955831
4954425001
5327548485
6175728593
8283723763
10890533039
11650901019
14272211525
14729379354
15526931388
15576204972
16559685866
17641690347
17701876162
18452721825
21701920147
23004413991
23285624615
26419013490
26843802822
26887226334
29445559661
30555108254
30613230475
35386983565
37411315587
38170066203
205990726
321130917
817495254
874936225
2912955831
4954425001
5327548485
6175728593
8283723763
10890533039
11650901019
14272211525
14729379354
15526931388
15576204972
16559685866
17641690347
17701876162
18452721825
21701920147
23004413991
23285624615
26419013490
26843802822
26887226334
29445559661
30555108254
30613230475
35386983565
37411315587
38170066203
205990726
321130917
817495254
874936225
2912955831
4954425001
5327548485
6175728593
8283723763
10890533039
11650901019
14272211525
14729379354
15526931388
15576204972
16559685866
17641690347
17701876162
18452721825
21701920147
23004413991
23285624615
26419013490
26843802822
26887226334
29445559661
30555108254
30613230475
35386983565
37411315587
38170066203
194800726
551770917
806305254
863746225
2301765831
4943235001
5357358485
6166038593
8288133763
10879343039
11639711019
14261031525
14721015454
15518120291
15567114972
16548495866
17630500347
17690686162
18497569975
21690730147
22993223991
23276564615
26431823490
26906792423
26916612822
29437369661
30543918254
30602910475
35525793565
36481536417
37406125587
194800726
551770917
806305254
863746225
2301765831
4943235001
5357358485
6166038593
8288133763
10879343039
11639711019
14261031525
14721015454
15518120291
15567114972
16548495866
17630500347
17690686162
18497569975
21690730147
22993223991
23276564615
26431823490
26906792423
26916612822
29437369661
30547627666
30602910475
35525793565
36481536417
37406125587
194800726
551770917
806305254
863746225
2301765831
4943235001
5357358485
6166038593
8288133763
10879343039
11639711019
14261031525
14721015454
15518120291
15567114972
16548495866
17630500347
17690686162
18497569975
21690730147
22993223991
23276564615
26431823490
26906792423
26916612822
29437369661
30547627666
30602910475
35525793565
36481536417
37406125587
194800726
551770917
806305254
863746225
2301765831
4943235001
5357358485
6166038593
8288133763
10879343039
11639711019
14261031525
14721015454
15518120291
15567114972
16548495866
17630500347
17690686162
18497569975
21690730147
22993223991
23276564615
26431823490
26906792423
26916612822
29437369661
30547627666
30602910475
35525793565
36481536417
37406125587
194800726
551770917
806305254
863746225
2301765831
4943235001
5357358485
6166038593
8288133763
10879343039
11639711019
14261031525
14721015454
15518120291
15567114972
16548495866
17630500347
17690686162
18497569975
21690730147
22993223991
23276564615
26431823490
26906792423
26916612822
29437369661
30547627666
30602910475
35525793565
36481536417
37406125587
194800726
551770917
806305254
863746225
2301765831
4943235001
5357358485
6166038593
8288133763
10879343039
11639711019
14261031525
14721015454
15518120291
15567114972
16548495866
17630500347
17690686162
18497569975
21690730147
22993223991
23276564615
26431823490
26906792423
26916612822
29437369661
30547627666
30602910475
35525793565
36481536417
37406125587
194800726
551770917
806305254
863746225
2301765831
4943235001
5357358485
6166288593
8288133763
10879343039
11639711019
14261031525
14721015454
15522898146
15567114972
16548495866
17640500347
17692200866
18497569975
21690730147
22993223991
23276564615
26565540082
26906792423
26917312822
29437369661
30547627666
30602910475
35534543565
36190484366
37406125587
194800726
551770917
806305254
863746225
2301765831
4943235001
5357358485
6166288593
8288133763
10879343039
11639711019
14261031525
14721015454
15522898146
15573429927
16548495866
17640500347
17692200866
18497569975
21690730147
22993223991
23276564615
26565540082
26906792423
26917312822
29437369661
30547627666
30602910475
35534543565
36190484366
37406125587
194800726
551770917
806305254
863746225
2301765831
4943235001
5357358485
6166288593
8288133763
10879343039
11639711019
14261031525
14721015454
15522898146
15573429927
16548495866
17640500347
17692200866
18497569975
21690730147
22993223991
23276564615
26565540082
26906792423
26917312822
29437369661
30547627666
30602910475
35534543565
36190484366
37406125587
194800726
551770917
806305254
863746225
2301765831
4943235001
5357358485
6166288593
8288133763
10879343039
11639711019
14261031525
14721015454
15522898146
15573429927
16548495866
17640500347
17692200866
18497569975
21690730147
22993223991
23276564615
26565540082
26906792423
26917312822
29437369661
30547627666
30602910475
35534543565
36190484366
37406125587
194800726
551770917
806305254
863746225
2301765831
4943235001
5357358485
6166288593
8288133763
10879343039
11639711019
14261031525
14721015454
15522898146
15573429927
16548495866
17640500347
17692200866
18497569975
21690730147
22993223991
23276564615
26565540082
26906792423
26917312822
29437369661
30547627666
30602910475
35534543565
36190484366
37406125587
194800726
551770917
806305254
863746225
2301765831
4943235001
5357358485
6166288593
8288133763
10879343039
11639711019
14261031525
14721015454
15522898146
15573429927
16548495866
17640500347
17692200866
18497569975
21690730147
22993223991
23276564615
26565540082
26906792423
26917312822
29437369661
30547627666
30602910475
35534543565
36190484366
37406125587
194800726
551770917
806305254
863746225
2305765831
4943235001
5357358485
6167038593
8294633763
10879343039
11639711019
14261031525
14721015454
15527661824
15573429927
16548495866
17641750347
17692200866
18643528030
21700236414
22993223991
23276564615
26632040082
26906775703
26917312822
29440369661
30547627666
30639410475
35534543565
36168119940
37406125587
194800726
551770917
806305254
863746225
2305765831
4943235001
5357358485
6167038593
8294633763
10879343039
11639711019
14261031525
14721015454
15530035499
15573429927
16548495866
17641750347
17692200866
18643528030
21700236414
22993223991
23276564615
26632040082
26906775703
26917312822
29440369661
30551331872
30639410475
35534543565
36168119940
37406125587
194800726
551770917
806305254
863746225
2305765831
4943235001
5357358485
6167038593
8294633763
10879343039
11639711019
14261031525
14721015454
15530035499
15573429927
16548495866
17641750347
17692200866
18643528030
21700236414
22993223991
23276564615
26632040082
26906775703
26917312822
29440369661
30551331872
30639410475
35537579114
36168119940
37406125587
194800726
551770917
806305254
863746225
2305765831
4943235001
5357358485
6167038593
8294633763
10879343039
11639711019
14261031525
14721015454
15530035499
15573429927
16548495866
17641750347
17692200866
18643528030
21700236414
22993223991
23276564615
26632040082
26906775703
26917312822
29440369661
30551331872
30639410475
35537579114
36168119940
37406125587
194800726
551770917
806305254
863746225
2305765831
4943235001
5357358485
6167038593
8294633763
10879343039
11639711019
14261031525
14721015454
15530035499
15573429927
16548495866
17641750347
17692200866
18643528030
21700236414
22993223991
23276564615
26632040082
26906775703
26917312822
29440369661
30551331872
30639410475
35537579114
36168119940
37406125587
194800726
551770917
806305254
863746225
2305765831
4943235001
5357358485
6167038593
8294633763
10879343039
11639711019
14261031525
14721015454
15530035499
15573429927
16548495866
17641750347
17692200866
18643528030
21700236414
22993223991
23276564615
26632040082
26906775703
26917312822
29440369661
30551331872
30639410475
35537579114
36168119940
37406125587
194800726
551770917
806305254
863746225
2305765831
4943235001
5357358485
6173538593
8298533763
10979493039
11639711019
14261031525
14721015454
15530035499
15573429927
16548495866
17643750347
17692200866
18643528030
21700696414
22995275346
23277764615
26639035082
26906775703
27213161373
29440369661
30551331872
30639410475
35578979114
36012388226
37406125587
194800726
551770917
806305254
863746225
2305765831
4943235001
5357358485
6173538593
8298533763
10979493039
11639711019
14261031525
14721015454
15534804775
15573429927
16548495866
17643750347
17692200866
18643528030
21700696414
22995275346
23277764615
26639035082
26906775703
27213161373
29440369661
30551331872
30639410475
35578979114
36012388226
37406125587
194800726
551770917
806305254
863746225
2305765831
4943235001
5357358485
6173538593
8298533763
10979493039
11639711019
14261031525
14721015454
15534804775
15573429927
16548495866
17643750347
17692200866
18643528030
21700696414
22995275346
23277764615
26639035082
26906775703
27213161373
29440369661
30551331872
30639410475
35578979114
36012388226
37406125587
194800726
551770917
806305254
863746225
2305765831
4943235001
5357358485
6173538593
8298533763
10979493039
11639711019
14261031525
14721015454
15534804775
15573429927
16548495866
17643750347
17692200866
18643528030
21700696414
22995275346
23277764615
26639035082
26906775703
27213161373
29440369661
30551331872
30639410475
35578979114
36012388226
37406125587
194800726
551770917
806305254
863746225
2305765831
4943235001
5357358485
6173538593
8298533763
10979493039
11639711019
14261031525
14721015454
15534804775
15573429927
16548495866
17643750347
17692200866
18643528030
21700696414
22995275346
23277764615
26639035082
26906775703
27213161373
29440369661
30551331872
30639410475
35578979114
36012388226
37406125587
194800726
551770917
806305254
863746225
2305765831
4943235001
5357358485
6173538593
8298533763
10979493039
11639711019
14261031525
14721015454
15534804775
15573429927
16548495866
17643750347
17692200866
18643528030
21700696414
22995275346
23277764615
26639035082
26906775703
27213161373
29440369661
30551331872
30639410475
35578979114
36012388226
37406125587
179240726
536210917
790745254
848186225
2290205831
4981675001
5341798485
6158228593
8294173763
10963933039
11624151019
14245471525
14705455454
15521619757
15557869927
16540935866
17628440347
17676640866
18627968030
21685136414
22981715346
23262204615
26641362703
26703475082
27216101373
29448909661
30535771872
30623850475
35536710335
35564919114
37395195587
179240726
536210917
790745254
848186225
2290205831
4981675001
5341798485
6158228593
8294173763
10963933039
11624151019
14245471525
14705455454
15523995515
15557869927
16540935866
17628440347
17676640866
18627968030
21685136414
22981715346
23262204615
26641362703
26703475082
27216101373
29448909661
30539476055
30623850475
35536710335
35564919114
37395195587
179240726
536210917
790745254
848186225
2290205831
4981675001
5341798485
6158228593
8294173763
10963933039
11624151019
14245471525
14705455454
15523995515
15557869927
16540935866
17628440347
17676640866
18627968030
21685136414
22981715346
23262204615
26641362703
26703475082
27216101373
29448909661
30539476055
30624820475
35536710335
35564919114
37395195587
179240726
536210917
790745254
848186225
2290205831
4981675001
5341798485
6158228593
8294173763
10963933039
11624151019
14245471525
14705455454
15523995515
15557869927
16540935866
17628440347
17676640866
18627968030
21685136414
22981715346
23262204615
26641362703
26703475082
27216101373
29448909661
30539476055
30624820475
35536710335
35564919114
37395195587
179240726
536210917
790745254
848186225
2290205831
4981675001
5341798485
6158228593
8294173763
10963933039
11624151019
14245471525
14705455454
15523995515
15557869927
16540935866
17628440347
17676640866
18627968030
21685136414
22981715346
23262204615
26641362703
26703475082
27216101373
29448909661
30539476055
30624820475
35536710335
35564919114
37395195587
179240726
536210917
790745254
848186225
2290205831
4981675001
5341798485
6158228593
8294173763
10963933039
11624151019
14245471525
14705455454
15523995515
15557869927
16540935866
17628440347
17676640866
18627968030
21685136414
22981715346
23262204615
26641362703
26703475082
27216101373
29448909661
30539476055
30624820475
35536710335
35564919114
37395195587
169710726
526680917
738756225
781215254
2280675831
4972145001
5337490860
6166198593
8284643763
10954403039
11614621019
14236631525
14695925454
15516841385
15572339927
16531405866
17620410347
17799110866
18618438030
21675606414
23040185346
23252674615
26631832703
26698945082
27220271373
29439379661
30529946055
30621290475
35527180335
35555639114
37385665587
169710726
526680917
738756225
781215254
2280675831
4972145001
5337490860
6166198593
8284643763
10954403039
11614621019
14236631525
14695925454
15519217473
15572339927
16531405866
17620410347
17799110866
18618438030
21675606414
23040185346
23252674615
26631832703
26698945082
27220271373
29439379661
30529946055
30621290475
35527180335
35555639114
37385665587
169710726
526680917
738756225
781215254
2280675831
4972145001
5337490860
6166198593
8284643763
10954403039
11614621019
14236631525
14695925454
15519217473
15572339927
16531405866
17615410347
17799110866
18618438030
21675606414
23040185346
23252674615
26631832703
26698945082
27220271373
29439379661
30529946055
30621290475
35527180335
35560639114
37385665587
169710726
526680917
738756225
781215254
2280675831
4972145001
5337490860
6165948593
8284643763
10954403039
11614621019
14236631525
14695925454
15519217473
15572339927
16531405866
17615660347
17799110866
18618438030
21675606414
23040185346
23252674615
26631832703
26698945082
27220271373
29439379661
30529946055
30621290475
35527180335
35560639114
37385665587
169710726
526680917
738756225
781215254
2280675831
4972145001
5337490860
6165948593
8284643763
10954403039
11614621019
14236631525
14695925454
15519217473
15572339927
16531405866
17615660347
17799110866
18618438030
21675606414
23040185346
23252674615
26631832703
26698945082
27220271373
29439379661
30529946055
30621290475
35527180335
35560639114
37385665587
169710726
526680917
738756225
781215254
2280675831
4972145001
5337490860
6165948593
8284643763
10954403039
11614621019
14236631525
14695925454
15519217473
15572339927
16531405866
17615660347
17799110866
18618438030
21675606414
23040185346
23252674615
26631832703
26698945082
27220271373
29439379661
30529946055
30621290475
35527180335
35560639114
37385665587
169710726
526680917
738756225
781215254
2280675831
4972145001
5337490860
6167448593
8284643763
10974553039
11614621019
14236631525
14695925454
15521593134
15572339927
16531405866
17625910347
17799110866
18618438030
21675606414
23040185346
23252674615
26638832703
26704845082
27225571373
29442379661
30529946055
30621290475
33798270395
35562139114
37385665587
169710726
526680917
738756225
781215254
2280675831
4972145001
5337490860
6167448593
8284643763
10974553039
11614621019
14236631525
14695925454
15521593134
15572339927
16531405866
17625910347
17799110866
18618438030
21675606414
23040185346
23252674615
26638832703
26704845082
27225571373
29442379661
30529946055
30621290475
33798270395
35562139114
37385665587
169710726
526680917
738756225
781215254
2280675831
4972145001
5337490860
6167448593
8284643763
10974553039
11614621019
14236631525
14695925454
15523967909
15572339927
16531405866
17625910347
17799110866
18618438030
21675606414
23040185346
23252674615
26638832703
26704845082
27225571373
29442379661
30533649672
30621290475
33798270395
35562139114
37385665587
169710726
526680917
738756225
781215254
2280675831
4972145001
5337490860
6173448593
8284643763
11016053039
11614621019
14236631525
14702925454
15526342471
15572339927
16531405866
17626160347
17804110866
18618438030
21675606414
23040185346
23259674615
26638832703
26704845082
27225571373
28388726125
29442379661
30621290475
31556937743
35564269114
37385665587
169710726
526680917
738756225
781215254
2280675831
4972145001
5337490860
6173448593
8284643763
11016053039
11614621019
14236631525
14702925454
15526342471
15572339927
16531405866
17626160347
17804110866
18618438030
21675606414
23040185346
23259674615
26638832703
26704845082
27225571373
27768815968
29442379661
30621290475
31556937743
35564269114
37385665587
169710726
526680917
738756225
781215254
2280675831
4972145001
5337490860
6173448593
8284643763
11016053039
11614621019
14236631525
14702925454
15526342471
15572339927
16531405866
17626160347
17804110866
18618438030
21675606414
23040185346
23259674615
26638832703
26704845082
27225571373
27540961152
29442379661
30621290475
31556937743
35564269114
37385665587
169710726
526680917
738756225
781215254
2280675831
4972145001
5337490860
6173448593
8284643763
11016053039
11614621019
14236631525
14702925454
15526342471
15572339927
16531405866
17626160347
17804110866
18618438030
21675606414
23040185346
23259674615
26638832703
26704845082
27225571373
27540961152
29442379661
30621290475
31556937743
35564269114
37385665587
169710726
526680917
738756225
781215254
2280675831
4972145001
5337490860
6173448593
8284643763
11016053039
11614621019
14236631525
14702925454
15526342471
15572339927
16531405866
17626160347
17804110866
18618438030
21675606414
23040185346
23259674615
26638832703
26704845082
27225571373
27540961152
29442379661
30621290475
31556937743
35564269114
37385665587
169710726
526680917
738756225
781215254
2280675831
4972145001
5337490860
6173448593
8284643763
11016053039
11614621019
14236631525
14702925454
15526342471
15572339927
16531405866
17626160347
17804110866
18618438030
21675606414
23040185346
23259674615
26638832703
26704845082
27225571373
27540961152
29442379661
30621290475
31556937743
35564269114
37385665587
